serviceArea
(array)



0
(map)


geometry
"{"type":"Polygon","coordinates":[[[55.2734274,25.1977023],[55.2735383,25.1974869],[55.2739087,25.1972036],[55.2739002,25.1971968],[55.2738159,25.1972311],[55.2738023,25.1971919],[55.2737985,25.1971509],[55.2738046,25.1971102],[55.2738208,25.1970718],[55.2738415,25.1970359],[55.2738704,25.1970049],[55.2739061,25.1969804],[55.2739468,25.1969636],[55.27397,25.1970478],[55.2739803,25.1970529],[55.2739625,25.1965874],[55.2740688,25.1963681],[55.2741076,25.1964218],[55.2742125,25.1965671],[55.2742866,25.1970353],[55.274295,25.1970319],[55.2743095,25.1969443],[55.2743524,25.1969537],[55.2743922,25.1969709],[55.2744273,25.1969951],[55.2744562,25.1970253],[55.2744776,25.1970602],[55.2744908,25.1970984],[55.274495,25.1971381],[55.2744901,25.1971778],[55.2743974,25.1971596],[55.2743936,25.1971665],[55.2748283,25.1973479],[55.2749989,25.1975308],[55.274963,25.1975348],[55.2747383,25.19756],[55.2742704,25.1974222],[55.2742687,25.1974305],[55.2743406,25.1974857],[55.274304,25.1975165],[55.2742609,25.1975393],[55.2742133,25.1975531],[55.2741635,25.1975571],[55.2741139,25.1975512],[55.274067,25.1975357],[55.2740249,25.1975113],[55.2740938,25.1974426],[55.2740902,25.1974351],[55.2736892,25.1976683],[55.2734274,25.1977023]]]}"
(string)


name
"Burj Khalifa, 1, Sheikh Mohammed bin Rashid Boulevard, Downtown Dubai, Dubai, United Arab Emirates"
(string)



1
(map)


geometry
"{"type":"Polygon","coordinates":[[[55.3367025,25.2625661],[55.336727,25.2622831],[55.3367695,25.2620567],[55.336854,25.2616431],[55.3373824,25.2590452],[55.3374089,25.2588889],[55.337432,25.2587322],[55.337456,25.2585384],[55.3374749,25.2583441],[55.3374759,25.2581621],[55.3374719,25.2579801],[55.3374629,25.2577983],[55.3374468,25.2575948],[55.3374244,25.2573918],[55.3373958,25.2571894],[55.3371893,25.2561991],[55.3372161,25.2561617],[55.3372395,25.2561333],[55.3372724,25.2560966],[55.3373094,25.2560539],[55.3373519,25.2560157],[55.3373993,25.2559824],[55.3392613,25.2549043],[55.3456798,25.2513067],[55.3461599,25.2510302],[55.3494305,25.2492552],[55.3494148,25.2490186],[55.3494403,25.2486661],[55.3494921,25.2483746],[55.3496145,25.2480284],[55.3499365,25.2475635],[55.3503227,25.2472311],[55.3535676,25.2448918],[55.3537681,25.2447716],[55.353984,25.2446759],[55.3542269,25.2446026],[55.3544942,25.2445588],[55.3547657,25.2445506],[55.3561699,25.2445795],[55.3564668,25.2445397],[55.3567547,25.2444631],[55.3569909,25.2443689],[55.3604346,25.2426387],[55.3606053,25.2425644],[55.3607847,25.2425087],[55.361006,25.2424714],[55.3612221,25.242465],[55.3613693,25.2424781],[55.3615293,25.2425065],[55.3618428,25.2426192],[55.3621298,25.2425806],[55.3624601,25.2425362],[55.36288,25.2425095],[55.3633708,25.2425149],[55.363827,25.2425517],[55.3642592,25.2425907],[55.3644714,25.2425984],[55.3646837,25.2425986],[55.3648958,25.2425913],[55.3651075,25.2425765],[55.3653184,25.2425543],[55.3655282,25.2425246],[55.3657587,25.2424623],[55.3659872,25.2423942],[55.3662135,25.2423203],[55.3664374,25.2422408],[55.3666842,25.2421455],[55.3669275,25.2420433],[55.3671672,25.2419343],[55.367403,25.2418186],[55.3687786,25.2411515],[55.3717053,25.2397322],[55.3717819,25.2396992],[55.3718617,25.2396732],[55.371944,25.2396545],[55.3720368,25.2396426],[55.3721304,25.23964],[55.3722356,25.2396312],[55.3723396,25.2396145],[55.3724176,25.2395966],[55.3724941,25.2395744],[55.372569,25.2395478],[55.3742315,25.238765],[55.3776732,25.2370901],[55.3788239,25.2365102],[55.3801596,25.2358964],[55.3815624,25.2352219],[55.3830001,25.2345425],[55.3840059,25.23405],[55.3858083,25.2331693],[55.3869425,25.2326199],[55.3880775,25.2320702],[55.3898343,25.2312476],[55.3904001,25.2310262],[55.3909772,25.2308303],[55.3915644,25.2306605],[55.3921865,25.2305114],[55.3928164,25.2303916],[55.3934522,25.2303014],[55.3940737,25.2302353],[55.3946802,25.2301977],[55.3952792,25.2301954],[55.3958683,25.2302268],[55.396454,25.2302917],[55.3971185,25.2304058],[55.3977743,25.2305555],[55.3984228,25.2307414],[55.3990615,25.2309635],[55.3996825,25.2312199],[55.4008234,25.2317111],[55.4024971,25.2324754],[55.403696,25.2330019],[55.403673,25.2335088],[55.4036584,25.234016],[55.4036524,25.234551],[55.4036558,25.235086],[55.4037175,25.2365951],[55.4037973,25.2373349],[55.4038793,25.2380945],[55.40395,25.2386007],[55.4040286,25.2391059],[55.4041151,25.2396101],[55.4042096,25.2401131],[55.3979416,25.2402735],[55.3977226,25.2402893],[55.3975183,25.2403167],[55.3972423,25.2403776],[55.3969831,25.2404602],[55.3967341,25.2405655],[55.3940856,25.2421267],[55.3902662,25.2443357],[55.3887627,25.2452565],[55.3886453,25.2453252],[55.3885171,25.2453844],[55.3883396,25.2454396],[55.3881564,25.2454697],[55.3880022,25.2454734],[55.3878824,25.2454947],[55.3877751,25.2455475],[55.3876928,25.2456235],[55.3876383,25.2457178],[55.3876162,25.2458222],[55.3875759,25.2462607],[55.3874767,25.2473787],[55.3874338,25.2494703],[55.3872514,25.2540359],[55.3872594,25.2543415],[55.3815436,25.2576067],[55.3743218,25.2618505],[55.371944,25.2632416],[55.3690633,25.2649178],[55.3664884,25.2664241],[55.3662156,25.2665715],[55.3659378,25.2667113],[55.3656554,25.2668432],[55.3653686,25.2669671],[55.3650777,25.267083],[55.364783,25.2671907],[55.3644848,25.26729],[55.3642022,25.2673756],[55.363917,25.2674536],[55.3636294,25.2675242],[55.3633397,25.2675872],[55.363048,25.2676426],[55.3627548,25.2676902],[55.3625256,25.2677269],[55.3622953,25.2677569],[55.362064,25.2677803],[55.3618321,25.267797],[55.3615733,25.2678076],[55.3578836,25.2679289],[55.3576639,25.2679449],[55.3574289,25.2679708],[55.3571954,25.2680061],[55.3569639,25.2680505],[55.3567347,25.2681041],[55.3565084,25.2681668],[55.3562853,25.2682384],[55.3556494,25.2684992],[55.3554459,25.2686016],[55.3552473,25.2687114],[55.3550805,25.2688117],[55.3549178,25.2689173],[55.3547594,25.2690281],[55.3546054,25.2691438],[55.354456,25.2692644],[55.3542925,25.2694069],[55.3541354,25.2695552],[55.3539851,25.2697091],[55.3520527,25.27169],[55.3510348,25.2727632],[55.3491921,25.2745644],[55.3489836,25.2747837],[55.3487255,25.2745836],[55.3481019,25.2740924],[55.3475185,25.2735891],[55.3466897,25.2728445],[55.3459279,25.2721569],[55.3452587,25.2715299],[55.3448105,25.2710996],[55.3445198,25.2708204],[55.3437634,25.2701267],[55.3423955,25.2688945],[55.3414862,25.2680723],[55.3405648,25.2672561],[55.3397199,25.2665163],[55.3386779,25.2656042],[55.3377861,25.2648135],[55.3375691,25.2646256],[55.3373798,25.2644279],[55.3372174,25.264224],[55.3370629,25.2639902],[55.3369347,25.2637437],[55.3368291,25.2634718],[55.3367526,25.2631761],[55.3367105,25.262873],[55.3367025,25.2625661]]]}"
(string)


name
"Dubai International Airport, 14b Street, Muhaisnah 3, Muhaisnah, Dubai, United Arab Emirates"
(string)



2
(map)


geometry
"{"type":"Point","coordinates":[73.06015491485597,33.58559531668888],"properties":{"radius":36528.00732422588}}"
(string)


name
"Rawalpindi"